802313839
802315249
802304349
802292659
802292939
802294229
802291839
802297969
802297894
802297709
802295344
802290634
802304989
802290939
810191189
802297194
802297374
802299064
802300339
802304239
802315079
802298294
802294674
802301594
802318104
802318884
802318504
802318594
802318709
802318199
810190974
802291389
802318804
802293019
802291614
802302409
802302474
802300509
802301379
802314624
802304744
802312659
802290029
802296604
802311144
802291014
802304424
802290419
802304109
802300829
802299789
802314484
802298094
802302214
802296934
802302004
802296739
802303034
802303294
802310519
802314084
802309994
802295839
802316599
802309719
802309784
802298939
802294169
802299174
802305864
802304644
802296329
802308684
802290164
802296004
802297099
802300429
802316799
410480091
